{
 "cells": [
  {
   "attachments": {},
   "cell_type": "markdown",
   "metadata": {},
   "source": [
    "# 동적 시각화\n",
    "**동적 시각화**는 **유저**와 **시각화 결과**의 **상호작용**으로 다양한 정보를 **즉각적으로 전달**하는 것이 특징<br>\n",
    "=> **x축, y축** 등에 의존하는 **제한된 정보 전달**이 **아닌 그 외의 정보**까지 **하나의 그래프**에 담을 수 있음\n",
    "\n",
    "## 동적 시각화 예제\n",
    "### 대시보드\n",
    "- 대시보드는 하나의 화면에서 여러 정보가 연동되어 다양한 정보 제공\n",
    "- 동적 시각화는 대시보드의 주된 구성요소이며, 사용자 대화형 특성 제공\n",
    "- 업무에 필요한 데이터를 실시간으로 함축하여 정보 전달 -> 의사결정 서포트\n",
    "## 동적 시각화 라이브러리 Plotly\n",
    "파이썬의 대표적인 동적 시각화 라이브러리\n",
    "### Plotly 패키지\n",
    "Plotly의 **express(px)**와 **graph_objects(go)** 패키지를 많이 사용\n",
    "\n",
    "||express|graph_objects|\n",
    "|---|---|---|\n",
    "||고수준 API|저수준 API|\n",
    "|장점|- 쉽고 빠르게 기능 구현<br>- 하나의 커맨드로 그래프 구현|- 섬세하게 시각화 가능<br>- 유연하게 원하는 기능 구현 가능|\n",
    "|단점|- Seaborn에 비해 상대적으로 부족한 정적 시각화 기능<br>- go에 비해 유연성이 떨어짐|- 하나의 커맨드로 원하는 기능 구현 어려움|\n",
    "\n",
    "## graph_objects\n",
    "**graph_objects**는 Plotly의 인기 있는 **데이터 시각화 모듈**로, **3D** 형태의 그래프를 포함한 **다양한 그래프**를 그릴 수 있음<br>\n",
    "=> **go**라는 별칭 이용하여 호출\n",
    "> import plotly.graph_objects as go\n",
    "\n",
    "### go 그리는 법\n",
    "1. `fig = go.Figure()`\n",
    "    - Figure(도화지) 객체 생성\n",
    "2. `fig.add_traces(그래프)`\n",
    "    - `add_traces`로 원하는 유형의 그래프 추가 (go의 그래프 유형 설정)\n",
    "3. `fig.update_layout(옵션)`\n",
    "    - 레이아웃 설정\n",
    "    - 대표적인 옵션 : `title`, `yaxis_title` 등\n",
    "\n",
    "# 실습\n"
   ]
  },
  {
   "cell_type": "code",
   "execution_count": 1,
   "metadata": {},
   "outputs": [],
   "source": [
    "import plotly.graph_objects as go\n",
    "\n",
    "import pandas as pd\n",
    "import numpy as np"
   ]
  },
  {
   "cell_type": "code",
   "execution_count": 5,
   "metadata": {},
   "outputs": [
    {
     "data": {
      "text/html": [
       "<div>\n",
       "<style scoped>\n",
       "    .dataframe tbody tr th:only-of-type {\n",
       "        vertical-align: middle;\n",
       "    }\n",
       "\n",
       "    .dataframe tbody tr th {\n",
       "        vertical-align: top;\n",
       "    }\n",
       "\n",
       "    .dataframe thead th {\n",
       "        text-align: right;\n",
       "    }\n",
       "</style>\n",
       "<table border=\"1\" class=\"dataframe\">\n",
       "  <thead>\n",
       "    <tr style=\"text-align: right;\">\n",
       "      <th></th>\n",
       "      <th>Low</th>\n",
       "      <th>Open</th>\n",
       "      <th>Volume</th>\n",
       "      <th>High</th>\n",
       "      <th>Close</th>\n",
       "      <th>Adjusted Close</th>\n",
       "    </tr>\n",
       "    <tr>\n",
       "      <th>Date</th>\n",
       "      <th></th>\n",
       "      <th></th>\n",
       "      <th></th>\n",
       "      <th></th>\n",
       "      <th></th>\n",
       "      <th></th>\n",
       "    </tr>\n",
       "  </thead>\n",
       "  <tbody>\n",
       "    <tr>\n",
       "      <th>04-11-2019</th>\n",
       "      <td>4.125</td>\n",
       "      <td>4.500</td>\n",
       "      <td>34573</td>\n",
       "      <td>4.575</td>\n",
       "      <td>4.155</td>\n",
       "      <td>4.155</td>\n",
       "    </tr>\n",
       "    <tr>\n",
       "      <th>05-11-2019</th>\n",
       "      <td>4.200</td>\n",
       "      <td>4.200</td>\n",
       "      <td>19360</td>\n",
       "      <td>4.500</td>\n",
       "      <td>4.380</td>\n",
       "      <td>4.380</td>\n",
       "    </tr>\n",
       "    <tr>\n",
       "      <th>06-11-2019</th>\n",
       "      <td>4.230</td>\n",
       "      <td>4.395</td>\n",
       "      <td>21500</td>\n",
       "      <td>4.500</td>\n",
       "      <td>4.350</td>\n",
       "      <td>4.350</td>\n",
       "    </tr>\n",
       "    <tr>\n",
       "      <th>07-11-2019</th>\n",
       "      <td>4.065</td>\n",
       "      <td>4.500</td>\n",
       "      <td>12347</td>\n",
       "      <td>4.515</td>\n",
       "      <td>4.125</td>\n",
       "      <td>4.125</td>\n",
       "    </tr>\n",
       "    <tr>\n",
       "      <th>08-11-2019</th>\n",
       "      <td>3.420</td>\n",
       "      <td>3.900</td>\n",
       "      <td>62853</td>\n",
       "      <td>4.050</td>\n",
       "      <td>3.600</td>\n",
       "      <td>3.600</td>\n",
       "    </tr>\n",
       "    <tr>\n",
       "      <th>...</th>\n",
       "      <td>...</td>\n",
       "      <td>...</td>\n",
       "      <td>...</td>\n",
       "      <td>...</td>\n",
       "      <td>...</td>\n",
       "      <td>...</td>\n",
       "    </tr>\n",
       "    <tr>\n",
       "      <th>06-12-2022</th>\n",
       "      <td>3.220</td>\n",
       "      <td>3.450</td>\n",
       "      <td>16100</td>\n",
       "      <td>3.468</td>\n",
       "      <td>3.300</td>\n",
       "      <td>3.300</td>\n",
       "    </tr>\n",
       "    <tr>\n",
       "      <th>07-12-2022</th>\n",
       "      <td>3.113</td>\n",
       "      <td>3.153</td>\n",
       "      <td>9200</td>\n",
       "      <td>3.245</td>\n",
       "      <td>3.240</td>\n",
       "      <td>3.240</td>\n",
       "    </tr>\n",
       "    <tr>\n",
       "      <th>08-12-2022</th>\n",
       "      <td>3.175</td>\n",
       "      <td>3.220</td>\n",
       "      <td>31700</td>\n",
       "      <td>3.402</td>\n",
       "      <td>3.270</td>\n",
       "      <td>3.270</td>\n",
       "    </tr>\n",
       "    <tr>\n",
       "      <th>09-12-2022</th>\n",
       "      <td>3.110</td>\n",
       "      <td>3.230</td>\n",
       "      <td>15100</td>\n",
       "      <td>3.270</td>\n",
       "      <td>3.155</td>\n",
       "      <td>3.155</td>\n",
       "    </tr>\n",
       "    <tr>\n",
       "      <th>12-12-2022</th>\n",
       "      <td>3.070</td>\n",
       "      <td>3.150</td>\n",
       "      <td>6890</td>\n",
       "      <td>3.160</td>\n",
       "      <td>3.120</td>\n",
       "      <td>3.120</td>\n",
       "    </tr>\n",
       "  </tbody>\n",
       "</table>\n",
       "<p>783 rows × 6 columns</p>\n",
       "</div>"
      ],
      "text/plain": [
       "              Low   Open  Volume   High  Close  Adjusted Close\n",
       "Date                                                          \n",
       "04-11-2019  4.125  4.500   34573  4.575  4.155           4.155\n",
       "05-11-2019  4.200  4.200   19360  4.500  4.380           4.380\n",
       "06-11-2019  4.230  4.395   21500  4.500  4.350           4.350\n",
       "07-11-2019  4.065  4.500   12347  4.515  4.125           4.125\n",
       "08-11-2019  3.420  3.900   62853  4.050  3.600           3.600\n",
       "...           ...    ...     ...    ...    ...             ...\n",
       "06-12-2022  3.220  3.450   16100  3.468  3.300           3.300\n",
       "07-12-2022  3.113  3.153    9200  3.245  3.240           3.240\n",
       "08-12-2022  3.175  3.220   31700  3.402  3.270           3.270\n",
       "09-12-2022  3.110  3.230   15100  3.270  3.155           3.155\n",
       "12-12-2022  3.070  3.150    6890  3.160  3.120           3.120\n",
       "\n",
       "[783 rows x 6 columns]"
      ]
     },
     "metadata": {},
     "output_type": "display_data"
    }
   ],
   "source": [
    "df = pd.read_csv('./data/ALIM.csv', index_col=0)\n",
    "display(df)"
   ]
  },
  {
   "cell_type": "code",
   "execution_count": 6,
   "metadata": {},
   "outputs": [
    {
     "data": {
      "text/html": [
       "<div>\n",
       "<style scoped>\n",
       "    .dataframe tbody tr th:only-of-type {\n",
       "        vertical-align: middle;\n",
       "    }\n",
       "\n",
       "    .dataframe tbody tr th {\n",
       "        vertical-align: top;\n",
       "    }\n",
       "\n",
       "    .dataframe thead th {\n",
       "        text-align: right;\n",
       "    }\n",
       "</style>\n",
       "<table border=\"1\" class=\"dataframe\">\n",
       "  <thead>\n",
       "    <tr style=\"text-align: right;\">\n",
       "      <th></th>\n",
       "      <th>Low</th>\n",
       "      <th>Open</th>\n",
       "      <th>Volume</th>\n",
       "      <th>High</th>\n",
       "      <th>Close</th>\n",
       "      <th>Adjusted Close</th>\n",
       "    </tr>\n",
       "    <tr>\n",
       "      <th>Date</th>\n",
       "      <th></th>\n",
       "      <th></th>\n",
       "      <th></th>\n",
       "      <th></th>\n",
       "      <th></th>\n",
       "      <th></th>\n",
       "    </tr>\n",
       "  </thead>\n",
       "  <tbody>\n",
       "    <tr>\n",
       "      <th>2019-11-04</th>\n",
       "      <td>4.125</td>\n",
       "      <td>4.500</td>\n",
       "      <td>34573</td>\n",
       "      <td>4.575</td>\n",
       "      <td>4.155</td>\n",
       "      <td>4.155</td>\n",
       "    </tr>\n",
       "    <tr>\n",
       "      <th>2019-11-05</th>\n",
       "      <td>4.200</td>\n",
       "      <td>4.200</td>\n",
       "      <td>19360</td>\n",
       "      <td>4.500</td>\n",
       "      <td>4.380</td>\n",
       "      <td>4.380</td>\n",
       "    </tr>\n",
       "    <tr>\n",
       "      <th>2019-11-06</th>\n",
       "      <td>4.230</td>\n",
       "      <td>4.395</td>\n",
       "      <td>21500</td>\n",
       "      <td>4.500</td>\n",
       "      <td>4.350</td>\n",
       "      <td>4.350</td>\n",
       "    </tr>\n",
       "    <tr>\n",
       "      <th>2019-11-07</th>\n",
       "      <td>4.065</td>\n",
       "      <td>4.500</td>\n",
       "      <td>12347</td>\n",
       "      <td>4.515</td>\n",
       "      <td>4.125</td>\n",
       "      <td>4.125</td>\n",
       "    </tr>\n",
       "    <tr>\n",
       "      <th>2019-11-08</th>\n",
       "      <td>3.420</td>\n",
       "      <td>3.900</td>\n",
       "      <td>62853</td>\n",
       "      <td>4.050</td>\n",
       "      <td>3.600</td>\n",
       "      <td>3.600</td>\n",
       "    </tr>\n",
       "    <tr>\n",
       "      <th>...</th>\n",
       "      <td>...</td>\n",
       "      <td>...</td>\n",
       "      <td>...</td>\n",
       "      <td>...</td>\n",
       "      <td>...</td>\n",
       "      <td>...</td>\n",
       "    </tr>\n",
       "    <tr>\n",
       "      <th>2022-12-06</th>\n",
       "      <td>3.220</td>\n",
       "      <td>3.450</td>\n",
       "      <td>16100</td>\n",
       "      <td>3.468</td>\n",
       "      <td>3.300</td>\n",
       "      <td>3.300</td>\n",
       "    </tr>\n",
       "    <tr>\n",
       "      <th>2022-12-07</th>\n",
       "      <td>3.113</td>\n",
       "      <td>3.153</td>\n",
       "      <td>9200</td>\n",
       "      <td>3.245</td>\n",
       "      <td>3.240</td>\n",
       "      <td>3.240</td>\n",
       "    </tr>\n",
       "    <tr>\n",
       "      <th>2022-12-08</th>\n",
       "      <td>3.175</td>\n",
       "      <td>3.220</td>\n",
       "      <td>31700</td>\n",
       "      <td>3.402</td>\n",
       "      <td>3.270</td>\n",
       "      <td>3.270</td>\n",
       "    </tr>\n",
       "    <tr>\n",
       "      <th>2022-12-09</th>\n",
       "      <td>3.110</td>\n",
       "      <td>3.230</td>\n",
       "      <td>15100</td>\n",
       "      <td>3.270</td>\n",
       "      <td>3.155</td>\n",
       "      <td>3.155</td>\n",
       "    </tr>\n",
       "    <tr>\n",
       "      <th>2022-12-12</th>\n",
       "      <td>3.070</td>\n",
       "      <td>3.150</td>\n",
       "      <td>6890</td>\n",
       "      <td>3.160</td>\n",
       "      <td>3.120</td>\n",
       "      <td>3.120</td>\n",
       "    </tr>\n",
       "  </tbody>\n",
       "</table>\n",
       "<p>783 rows × 6 columns</p>\n",
       "</div>"
      ],
      "text/plain": [
       "              Low   Open  Volume   High  Close  Adjusted Close\n",
       "Date                                                          \n",
       "2019-11-04  4.125  4.500   34573  4.575  4.155           4.155\n",
       "2019-11-05  4.200  4.200   19360  4.500  4.380           4.380\n",
       "2019-11-06  4.230  4.395   21500  4.500  4.350           4.350\n",
       "2019-11-07  4.065  4.500   12347  4.515  4.125           4.125\n",
       "2019-11-08  3.420  3.900   62853  4.050  3.600           3.600\n",
       "...           ...    ...     ...    ...    ...             ...\n",
       "2022-12-06  3.220  3.450   16100  3.468  3.300           3.300\n",
       "2022-12-07  3.113  3.153    9200  3.245  3.240           3.240\n",
       "2022-12-08  3.175  3.220   31700  3.402  3.270           3.270\n",
       "2022-12-09  3.110  3.230   15100  3.270  3.155           3.155\n",
       "2022-12-12  3.070  3.150    6890  3.160  3.120           3.120\n",
       "\n",
       "[783 rows x 6 columns]"
      ]
     },
     "metadata": {},
     "output_type": "display_data"
    }
   ],
   "source": [
    "df.index = pd.to_datetime(df.index, format='%d-%m-%Y')\n",
    "display(df)"
   ]
  },
  {
   "cell_type": "code",
   "execution_count": 7,
   "metadata": {},
   "outputs": [
    {
     "data": {
      "text/plain": [
       "DatetimeIndex(['2019-11-04', '2019-11-05', '2019-11-06', '2019-11-07',\n",
       "               '2019-11-08', '2019-11-11', '2019-11-12', '2019-11-13',\n",
       "               '2019-11-14', '2019-11-15',\n",
       "               ...\n",
       "               '2022-11-29', '2022-11-30', '2022-12-01', '2022-12-02',\n",
       "               '2022-12-05', '2022-12-06', '2022-12-07', '2022-12-08',\n",
       "               '2022-12-09', '2022-12-12'],\n",
       "              dtype='datetime64[ns]', name='Date', length=783, freq=None)"
      ]
     },
     "execution_count": 7,
     "metadata": {},
     "output_type": "execute_result"
    }
   ],
   "source": [
    "df.index"
   ]
  },
  {
   "cell_type": "code",
   "execution_count": null,
   "metadata": {},
   "outputs": [],
   "source": []
  },
  {
   "cell_type": "code",
   "execution_count": null,
   "metadata": {},
   "outputs": [],
   "source": []
  }
 ],
 "metadata": {
  "kernelspec": {
   "display_name": "dx_env",
   "language": "python",
   "name": "python3"
  },
  "language_info": {
   "codemirror_mode": {
    "name": "ipython",
    "version": 3
   },
   "file_extension": ".py",
   "mimetype": "text/x-python",
   "name": "python",
   "nbconvert_exporter": "python",
   "pygments_lexer": "ipython3",
   "version": "3.7.12"
  },
  "vscode": {
   "interpreter": {
    "hash": "6158785473a6d75b19748ef1b8cc77ba1e7f9997f3f5b0cf94b745aa449b3572"
   }
  }
 },
 "nbformat": 4,
 "nbformat_minor": 2
}
